100
4 2
5 2
6 2
1000 1000
1000 1
1000 2
999 256
477 413
999 999
500 248
1000 507
2 1
775 755
999 509
634 516
999 1
675 548
1000 488
1000 500
500 1
500 500
500 117
473 368
500 249
746 681
1000 999
1000 512
576 472
999 498
500 250
1000 499
1 1
661 650
999 998
963 859
500 2
459 401
500 116
851 841
452 431
1000 127
706 601
500 256
271 264
353 334
458 386
983 972
999 488
4 1
1000 498
1000 307
303 249
999 255
447 429
751 709
1000 128
490 379
2 2
500 255
1000 511
500 147
1000 255
999 2
736 712
5 1
459 389
999 428
721 701
762 718
999 127
999 487
457 375
263 223
882 832
500 499
999 512
622 468
999 511
772 648
500 245
382 303
665 555
906 785
999 128
500 128
500 244
745 655
3 1
1000 489
1000 256
772 746
999 499
719 715
500 127
3 2
500 83
578 496
841 747
999 497
341 311
